{
 "cells": [
  {
   "cell_type": "code",
   "execution_count": 78,
   "id": "cb4e37c5",
   "metadata": {},
   "outputs": [],
   "source": [
    "import numpy as np\n",
    "import pandas as pd\n",
    "import seaborn as sns\n",
    "from sklearn.model_selection import train_test_split\n",
    "from sklearn.preprocessing import OneHotEncoder, LabelEncoder\n",
    "from sklearn.linear_model import LogisticRegression"
   ]
  },
  {
   "cell_type": "code",
   "execution_count": 105,
   "id": "c2e6d4e2",
   "metadata": {},
   "outputs": [
    {
     "data": {
      "text/html": [
       "<div>\n",
       "<style scoped>\n",
       "    .dataframe tbody tr th:only-of-type {\n",
       "        vertical-align: middle;\n",
       "    }\n",
       "\n",
       "    .dataframe tbody tr th {\n",
       "        vertical-align: top;\n",
       "    }\n",
       "\n",
       "    .dataframe thead th {\n",
       "        text-align: right;\n",
       "    }\n",
       "</style>\n",
       "<table border=\"1\" class=\"dataframe\">\n",
       "  <thead>\n",
       "    <tr style=\"text-align: right;\">\n",
       "      <th></th>\n",
       "      <th>sepal_length</th>\n",
       "      <th>sepal_width</th>\n",
       "      <th>petal_length</th>\n",
       "      <th>petal_width</th>\n",
       "      <th>species</th>\n",
       "    </tr>\n",
       "  </thead>\n",
       "  <tbody>\n",
       "    <tr>\n",
       "      <th>0</th>\n",
       "      <td>5.1</td>\n",
       "      <td>3.5</td>\n",
       "      <td>1.4</td>\n",
       "      <td>0.2</td>\n",
       "      <td>setosa</td>\n",
       "    </tr>\n",
       "    <tr>\n",
       "      <th>1</th>\n",
       "      <td>4.9</td>\n",
       "      <td>3.0</td>\n",
       "      <td>1.4</td>\n",
       "      <td>0.2</td>\n",
       "      <td>setosa</td>\n",
       "    </tr>\n",
       "    <tr>\n",
       "      <th>2</th>\n",
       "      <td>4.7</td>\n",
       "      <td>3.2</td>\n",
       "      <td>1.3</td>\n",
       "      <td>0.2</td>\n",
       "      <td>setosa</td>\n",
       "    </tr>\n",
       "    <tr>\n",
       "      <th>3</th>\n",
       "      <td>4.6</td>\n",
       "      <td>3.1</td>\n",
       "      <td>1.5</td>\n",
       "      <td>0.2</td>\n",
       "      <td>setosa</td>\n",
       "    </tr>\n",
       "    <tr>\n",
       "      <th>4</th>\n",
       "      <td>5.0</td>\n",
       "      <td>3.6</td>\n",
       "      <td>1.4</td>\n",
       "      <td>0.2</td>\n",
       "      <td>setosa</td>\n",
       "    </tr>\n",
       "  </tbody>\n",
       "</table>\n",
       "</div>"
      ],
      "text/plain": [
       "   sepal_length  sepal_width  petal_length  petal_width species\n",
       "0           5.1          3.5           1.4          0.2  setosa\n",
       "1           4.9          3.0           1.4          0.2  setosa\n",
       "2           4.7          3.2           1.3          0.2  setosa\n",
       "3           4.6          3.1           1.5          0.2  setosa\n",
       "4           5.0          3.6           1.4          0.2  setosa"
      ]
     },
     "execution_count": 105,
     "metadata": {},
     "output_type": "execute_result"
    }
   ],
   "source": [
    "df = sns.load_dataset('iris')\n",
    "df.head()"
   ]
  },
  {
   "cell_type": "code",
   "execution_count": 97,
   "id": "8d15ad41",
   "metadata": {},
   "outputs": [
    {
     "data": {
      "text/plain": [
       "[array(['setosa', 'versicolor', 'virginica'], dtype=object)]"
      ]
     },
     "execution_count": 97,
     "metadata": {},
     "output_type": "execute_result"
    }
   ],
   "source": [
    "ohe = OneHotEncoder(sparse_output=False, handle_unknown='ignore')\n",
    "encoded = ohe.fit_transform(df[['species']])\n",
    "encoded\n",
    "ohe.categories_"
   ]
  },
  {
   "cell_type": "code",
   "execution_count": 106,
   "id": "1b86bd44",
   "metadata": {},
   "outputs": [],
   "source": [
    "X_train, X_test, y_train, y_test = train_test_split(df.drop(columns = ['species']), df['species'], test_size=0.2, random_state=0)"
   ]
  },
  {
   "cell_type": "code",
   "execution_count": 14,
   "id": "c6461be8",
   "metadata": {},
   "outputs": [
    {
     "data": {
      "text/plain": [
       "3"
      ]
     },
     "execution_count": 14,
     "metadata": {},
     "output_type": "execute_result"
    }
   ],
   "source": [
    "len(np.unique(y_test))"
   ]
  },
  {
   "cell_type": "code",
   "execution_count": 23,
   "id": "213b6d60",
   "metadata": {},
   "outputs": [
    {
     "data": {
      "text/plain": [
       "array([[1., 1., 1., 1.],\n",
       "       [1., 1., 1., 1.],\n",
       "       [1., 1., 1., 1.]])"
      ]
     },
     "execution_count": 23,
     "metadata": {},
     "output_type": "execute_result"
    }
   ],
   "source": [
    "k = len(np.unique(y_test))\n",
    "np.ones(shape = (k, X_train.shape[1]))"
   ]
  },
  {
   "cell_type": "code",
   "execution_count": 115,
   "id": "7acbd5ec",
   "metadata": {},
   "outputs": [],
   "source": [
    "class SoftmaxRegression:\n",
    "\n",
    "    def __init__(self, epochs: int, learning_rate: float):\n",
    "        self.epochs = epochs\n",
    "        self.learning_rate = learning_rate\n",
    "        self.coef_ = None\n",
    "        self.intercept_ = None\n",
    "        self.ohe = OneHotEncoder(sparse_output=False)\n",
    "    \n",
    "    def __softmax(self, Z: np.ndarray) -> np.ndarray:\n",
    "        \"\"\"\n",
    "        Z: shape (n, k) — logits, one row per sample, one column per class\n",
    "        Returns S: shape (n, k) — row-wise probabilities summing to 1\n",
    "        \"\"\"\n",
    "        Z_shifted = Z - np.max(Z, axis=1, keepdims=True)\n",
    "        exp_Z = np.exp(Z_shifted)\n",
    "        S = exp_Z / np.sum(exp_Z, axis=1, keepdims=True)\n",
    "        return S\n",
    "\n",
    "    def fit(self, X: np.ndarray | pd.DataFrame, y: np.ndarray):\n",
    "        \"\"\"\n",
    "        X: np.ndarray(n_samples, n_features)\\n\n",
    "        y: np.ndarray(n_samples,)\\n\n",
    "        Fits the Data into model and Calculate Coefficients and Intercepts\n",
    "        \"\"\"\n",
    "        X = np.asarray(X)\n",
    "        X = np.insert(X, 0, 1, axis = 1)\n",
    "        k = len(np.unique(y))\n",
    "        weights = np.ones(shape = (k, X.shape[1]))\n",
    "             \n",
    "        y_ohe = self.ohe.fit_transform(y.to_frame(name = 'target'))\n",
    "\n",
    "        for i in range(self.epochs):\n",
    "            y_pred = self.__softmax(np.dot(X, weights.T))\n",
    "            weights += self.learning_rate* np.dot((y_ohe - y_pred).T, X)/X.shape[0]\n",
    "        \n",
    "        self.coef_ = weights[:, 1:]\n",
    "        self.intercept_ = weights[:, 0]\n",
    "\n",
    "    def predict_proba(self, X:np.ndarray | pd.DataFrame) -> np.ndarray:\n",
    "        X = np.asarray(X)\n",
    "        probs = self.__softmax(np.dot(np.insert(X, 0, 1, axis = 1), np.insert(self.coef_, 0, self.intercept_, axis=1).T))\n",
    "        pred = probs.argmax(axis=1)\n",
    "        return probs\n",
    "\n",
    "    def predict(self, X:np.ndarray | pd.DataFrame) -> np.ndarray:\n",
    "        X = np.asarray(X)\n",
    "        probs = self.__softmax(np.dot(np.insert(X, 0, 1, axis = 1), np.insert(self.coef_, 0, self.intercept_, axis=1).T))\n",
    "        pred = probs.argmax(axis=1)\n",
    "        labels = self.ohe.categories_[0][pred]\n",
    "        return labels"
   ]
  },
  {
   "cell_type": "code",
   "execution_count": 116,
   "id": "4176e9a4",
   "metadata": {},
   "outputs": [
    {
     "data": {
      "text/plain": [
       "array([[7.62042227e-05, 3.20638022e-02, 9.67859994e-01],\n",
       "       [1.27524055e-02, 9.03087146e-01, 8.41604487e-02],\n",
       "       [9.95004523e-01, 4.99543299e-03, 4.37066603e-08],\n",
       "       [3.97487092e-05, 1.29531317e-01, 8.70428934e-01],\n",
       "       [9.71508143e-01, 2.84900808e-02, 1.77623560e-06],\n",
       "       [1.13004475e-05, 1.32501246e-02, 9.86738575e-01],\n",
       "       [9.84095620e-01, 1.59036532e-02, 7.26370268e-07],\n",
       "       [1.25534984e-02, 8.33655744e-01, 1.53790757e-01],\n",
       "       [6.00968079e-03, 8.22273518e-01, 1.71716801e-01],\n",
       "       [3.48821289e-02, 8.87148487e-01, 7.79693841e-02],\n",
       "       [1.18668339e-04, 1.54424765e-01, 8.45456567e-01],\n",
       "       [2.22353111e-02, 8.30915837e-01, 1.46848852e-01],\n",
       "       [6.38615012e-03, 7.42524516e-01, 2.51089334e-01],\n",
       "       [8.09701499e-03, 7.70440982e-01, 2.21462003e-01],\n",
       "       [6.42799051e-03, 6.60200678e-01, 3.33371331e-01],\n",
       "       [9.84141978e-01, 1.58574374e-02, 5.84860217e-07],\n",
       "       [9.61895838e-03, 6.64448926e-01, 3.25932115e-01],\n",
       "       [6.51018935e-03, 6.20594552e-01, 3.72895259e-01],\n",
       "       [9.50629311e-01, 4.93637991e-02, 6.89009419e-06],\n",
       "       [9.92555485e-01, 7.44437328e-03, 1.41828237e-07],\n",
       "       [3.72966587e-04, 9.27297677e-02, 9.06897266e-01],\n",
       "       [8.55205096e-03, 5.26229472e-01, 4.65218477e-01],\n",
       "       [9.31530216e-01, 6.84546792e-02, 1.51043640e-05],\n",
       "       [9.39205663e-01, 6.07796263e-02, 1.47112427e-05],\n",
       "       [2.21966282e-03, 3.77384781e-01, 6.20395556e-01],\n",
       "       [9.92853347e-01, 7.14642377e-03, 2.29562023e-07],\n",
       "       [9.65517757e-01, 3.44773715e-02, 4.87182054e-06],\n",
       "       [2.13644697e-02, 8.64762152e-01, 1.13873379e-01],\n",
       "       [5.80019457e-02, 8.59266060e-01, 8.27319944e-02],\n",
       "       [9.62651375e-01, 3.73437561e-02, 4.86888182e-06]])"
      ]
     },
     "execution_count": 116,
     "metadata": {},
     "output_type": "execute_result"
    }
   ],
   "source": [
    "clf = SoftmaxRegression(epochs = 500, learning_rate=0.1)\n",
    "\n",
    "clf.fit(X_train, y_train)\n",
    "\n",
    "clf.predict_proba(X_test)"
   ]
  },
  {
   "cell_type": "code",
   "execution_count": 117,
   "id": "d27193d0",
   "metadata": {},
   "outputs": [
    {
     "data": {
      "text/plain": [
       "array(['virginica', 'versicolor', 'setosa', 'virginica', 'setosa',\n",
       "       'virginica', 'setosa', 'versicolor', 'versicolor', 'versicolor',\n",
       "       'virginica', 'versicolor', 'versicolor', 'versicolor',\n",
       "       'versicolor', 'setosa', 'versicolor', 'versicolor', 'setosa',\n",
       "       'setosa', 'virginica', 'versicolor', 'setosa', 'setosa',\n",
       "       'virginica', 'setosa', 'setosa', 'versicolor', 'versicolor',\n",
       "       'setosa'], dtype=object)"
      ]
     },
     "execution_count": 117,
     "metadata": {},
     "output_type": "execute_result"
    }
   ],
   "source": [
    "clf.predict(X_test)"
   ]
  },
  {
   "cell_type": "code",
   "execution_count": 119,
   "id": "a1fa54ce",
   "metadata": {},
   "outputs": [
    {
     "data": {
      "text/plain": [
       "array([ True,  True,  True,  True,  True,  True,  True,  True,  True,\n",
       "        True,  True,  True,  True,  True,  True,  True,  True,  True,\n",
       "        True,  True,  True,  True,  True,  True,  True,  True,  True,\n",
       "        True,  True,  True])"
      ]
     },
     "execution_count": 119,
     "metadata": {},
     "output_type": "execute_result"
    }
   ],
   "source": [
    "y_test.values == clf.predict(X_test)"
   ]
  }
 ],
 "metadata": {
  "kernelspec": {
   "display_name": "Python 3",
   "language": "python",
   "name": "python3"
  },
  "language_info": {
   "codemirror_mode": {
    "name": "ipython",
    "version": 3
   },
   "file_extension": ".py",
   "mimetype": "text/x-python",
   "name": "python",
   "nbconvert_exporter": "python",
   "pygments_lexer": "ipython3",
   "version": "3.11.9"
  }
 },
 "nbformat": 4,
 "nbformat_minor": 5
}
